0.61568627 0.56078431 0.45882353
0.4745098 0.38039216 0.33333333
0.65882353 0.57647059 0.49411765
0.08235294 0.07843137 0.10196078
0.06666667 0.03529412 0.02352941
0.08235294 0.07843137 0.09803922
0.0745098 0.07058824 0.09411765
0.01960784 0.01960784 0.02745098
0.00784314 0.00784314 0.01568627
0.8627451 0.78039216 0.69803922
0.60784314 0.52156863 0.42745098
0.01960784 0.01176471 0.02352941
0.78431373 0.69803922 0.60392157
0.30196078 0.21568627 0.125490
0.30588235 0.26274510.24705882
0.65490196 0.61176471 0.5019607